{
  "last_updated": "2024-03-24T00:00:00Z",
  "source": "AAII Asset Allocation Survey",
  "source_url": "https://www.aaii.com/",
  "data": [
    {"date": "1987-11", "stocks": 45.3, "bonds": 19.8, "cash": 34.9},
    {"date": "1987-12", "stocks": 46.3, "bonds": 21.2, "cash": 32.5},
    {"date": "1988-01", "stocks": 45.7, "bonds": 19.1, "cash": 35.3},
    {"date": "1988-02", "stocks": 47.0, "bonds": 18.4, "cash": 34.6},
    {"date": "1988-03", "stocks": 47.6, "bonds": 16.7, "cash": 35.6},
    {"date": "1988-04", "stocks": 48.7, "bonds": 16.5, "cash": 34.8},
    {"date": "1988-05", "stocks": 45.7, "bonds": 18.7, "cash": 35.6},
    {"date": "1988-06", "stocks": 46.5, "bonds": 20.3, "cash": 33.2},
    {"date": "1988-07", "stocks": 51.7, "bonds": 19.3, "cash": 29.0},
    {"date": "1988-08", "stocks": 46.7, "bonds": 17.7, "cash": 35.6},
    {"date": "1988-09", "stocks": 45.4, "bonds": 18.2, "cash": 36.4},
    {"date": "1988-10", "stocks": 47.2, "bonds": 19.0, "cash": 33.8},
    {"date": "1988-11", "stocks": 46.4, "bonds": 19.2, "cash": 34.4},
    {"date": "1988-12", "stocks": 44.7, "bonds": 22.5, "cash": 32.8},
    {"date": "1989-01", "stocks": 43.3, "bonds": 20.6, "cash": 36.1},
    {"date": "1989-02", "stocks": 48.5, "bonds": 18.8, "cash": 32.6},
    {"date": "1989-03", "stocks": 46.5, "bonds": 20.0, "cash": 33.5},
    {"date": "1989-04", "stocks": 46.7, "bonds": 19.7, "cash": 33.6},
    {"date": "1989-05", "stocks": 48.1, "bonds": 19.3, "cash": 32.6},
    {"date": "1989-06", "stocks": 48.0, "bonds": 22.0, "cash": 30.0},
    {"date": "1989-07", "stocks": 47.0, "bonds": 20.0, "cash": 33.0},
    {"date": "1989-08", "stocks": 48.0, "bonds": 23.0, "cash": 29.0},
    {"date": "1989-09", "stocks": 47.0, "bonds": 21.0, "cash": 32.0},
    {"date": "1989-10", "stocks": 47.0, "bonds": 22.0, "cash": 31.0},
    {"date": "1989-11", "stocks": 47.0, "bonds": 19.0, "cash": 34.0},
    {"date": "1989-12", "stocks": 52.0, "bonds": 15.0, "cash": 33.0},
    {"date": "1990-01", "stocks": 50.0, "bonds": 19.0, "cash": 31.0},
    {"date": "1990-02", "stocks": 49.0, "bonds": 19.0, "cash": 32.0},
    {"date": "1990-03", "stocks": 49.0, "bonds": 21.0, "cash": 30.0},
    {"date": "1990-04", "stocks": 49.0, "bonds": 18.0, "cash": 33.0},
    {"date": "1990-05", "stocks": 50.0, "bonds": 18.0, "cash": 32.0},
    {"date": "1990-06", "stocks": 48.0, "bonds": 19.0, "cash": 33.0},
    {"date": "1990-07", "stocks": 47.0, "bonds": 21.0, "cash": 32.0},
    {"date": "1990-08", "stocks": 46.0, "bonds": 20.0, "cash": 34.0},
    {"date": "1990-09", "stocks": 47.0, "bonds": 18.0, "cash": 35.0},
    {"date": "1990-10", "stocks": 45.0, "bonds": 18.0, "cash": 37.0},
    {"date": "1990-11", "stocks": 44.0, "bonds": 20.0, "cash": 36.0},
    {"date": "1990-12", "stocks": 45.0, "bonds": 21.0, "cash": 34.0},
    {"date": "1991-01", "stocks": 42.0, "bonds": 20.0, "cash": 38.0},
    {"date": "1991-02", "stocks": 46.0, "bonds": 21.0, "cash": 33.0},
    {"date": "1991-03", "stocks": 52.0, "bonds": 20.0, "cash": 28.0},
    {"date": "1991-04", "stocks": 51.0, "bonds": 19.0, "cash": 30.0},
    {"date": "1991-05", "stocks": 54.0, "bonds": 16.0, "cash": 30.0},
    {"date": "1991-06", "stocks": 53.0, "bonds": 22.0, "cash": 25.0},
    {"date": "1991-07", "stocks": 51.0, "bonds": 22.0, "cash": 27.0},
    {"date": "1991-08", "stocks": 49.0, "bonds": 22.0, "cash": 29.0},
    {"date": "1991-09", "stocks": 48.0, "bonds": 22.0, "cash": 30.0},
    {"date": "1991-10", "stocks": 50.0, "bonds": 24.0, "cash": 26.0},
    {"date": "1991-11", "stocks": 50.0, "bonds": 22.0, "cash": 28.0},
    {"date": "1991-12", "stocks": 53.0, "bonds": 19.0, "cash": 28.0},
    {"date": "1992-01", "stocks": 56.0, "bonds": 19.0, "cash": 25.0},
    {"date": "1992-02", "stocks": 58.0, "bonds": 19.0, "cash": 23.0},
    {"date": "1992-03", "stocks": 55.0, "bonds": 20.0, "cash": 25.0},
    {"date": "1992-04", "stocks": 55.0, "bonds": 19.0, "cash": 26.0},
    {"date": "1992-05", "stocks": 50.0, "bonds": 21.0, "cash": 29.0},
    {"date": "1992-06", "stocks": 51.0, "bonds": 23.0, "cash": 26.0},
    {"date": "1992-07", "stocks": 54.0, "bonds": 20.0, "cash": 26.0},
    {"date": "1992-08", "stocks": 51.0, "bonds": 22.0, "cash": 27.0},
    {"date": "1992-09", "stocks": 51.0, "bonds": 21.0, "cash": 28.0},
    {"date": "1992-10", "stocks": 52.0, "bonds": 23.0, "cash": 25.0},
    {"date": "1992-11", "stocks": 50.0, "bonds": 22.0, "cash": 28.0},
    {"date": "1992-12", "stocks": 54.0, "bonds": 20.0, "cash": 26.0},
    {"date": "1993-01", "stocks": 53.0, "bonds": 23.0, "cash": 24.0},
    {"date": "1993-02", "stocks": 59.0, "bonds": 19.0, "cash": 22.0},
    {"date": "1993-03", "stocks": 58.0, "bonds": 19.0, "cash": 23.0},
    {"date": "1993-04", "stocks": 61.0, "bonds": 18.0, "cash": 21.0},
    {"date": "1993-05", "stocks": 60.0, "bonds": 19.0, "cash": 21.0},
    {"date": "1993-06", "stocks": 56.0, "bonds": 20.0, "cash": 24.0},
    {"date": "1993-07", "stocks": 59.0, "bonds": 20.0, "cash": 21.0},
    {"date": "1993-08", "stocks": 61.0, "bonds": 18.0, "cash": 21.0},
    {"date": "1993-09", "stocks": 59.0, "bonds": 18.0, "cash": 23.0},
    {"date": "1993-10", "stocks": 61.0, "bonds": 19.0, "cash": 20.0},
    {"date": "1993-11", "stocks": 59.0, "bonds": 20.0, "cash": 21.0},
    {"date": "1993-12", "stocks": 59.0, "bonds": 19.0, "cash": 22.0},
    {"date": "1994-01", "stocks": 57.0, "bonds": 22.0, "cash": 21.0},
    {"date": "1994-02", "stocks": 62.0, "bonds": 16.0, "cash": 22.0},
    {"date": "1994-03", "stocks": 59.0, "bonds": 19.0, "cash": 22.0},
    {"date": "1994-04", "stocks": 60.0, "bonds": 17.0, "cash": 23.0},
    {"date": "1994-05", "stocks": 60.0, "bonds": 13.0, "cash": 27.0},
    {"date": "1994-06", "stocks": 64.0, "bonds": 14.0, "cash": 22.0},
    {"date": "1994-07", "stocks": 60.0, "bonds": 16.0, "cash": 24.0},
    {"date": "1994-08", "stocks": 62.0, "bonds": 14.0, "cash": 24.0},
    {"date": "1994-09", "stocks": 62.0, "bonds": 14.0, "cash": 24.0},
    {"date": "1994-10", "stocks": 63.0, "bonds": 15.0, "cash": 22.0},
    {"date": "1994-11", "stocks": 61.0, "bonds": 17.0, "cash": 22.0},
    {"date": "1994-12", "stocks": 59.0, "bonds": 15.0, "cash": 26.0},
    {"date": "1995-01", "stocks": 62.0, "bonds": 14.0, "cash": 24.0},
    {"date": "1995-02", "stocks": 60.0, "bonds": 15.0, "cash": 25.0},
    {"date": "1995-03", "stocks": 60.0, "bonds": 18.0, "cash": 22.0},
    {"date": "1995-04", "stocks": 61.0, "bonds": 16.0, "cash": 23.0},
    {"date": "1995-05", "stocks": 62.0, "bonds": 16.0, "cash": 22.0},
    {"date": "1995-06", "stocks": 65.0, "bonds": 15.0, "cash": 20.0},
    {"date": "1995-07", "stocks": 64.0, "bonds": 15.0, "cash": 21.0},
    {"date": "1995-08", "stocks": 65.0, "bonds": 14.0, "cash": 21.0},
    {"date": "1995-09", "stocks": 62.0, "bonds": 17.0, "cash": 21.0},
    {"date": "1995-10", "stocks": 66.0, "bonds": 15.0, "cash": 19.0},
    {"date": "1995-11", "stocks": 66.0, "bonds": 14.0, "cash": 20.0},
    {"date": "1995-12", "stocks": 67.0, "bonds": 13.0, "cash": 20.0},
    {"date": "1996-01", "stocks": 67.0, "bonds": 15.0, "cash": 18.0},
    {"date": "1996-02", "stocks": 68.0, "bonds": 13.0, "cash": 19.0},
    {"date": "1996-03", "stocks": 66.0, "bonds": 15.0, "cash": 19.0},
    {"date": "1996-04", "stocks": 65.0, "bonds": 15.0, "cash": 20.0},
    {"date": "1996-05", "stocks": 68.0, "bonds": 13.0, "cash": 19.0},
    {"date": "1996-06", "stocks": 68.0, "bonds": 13.0, "cash": 19.0},
    {"date": "1996-07", "stocks": 65.0, "bonds": 14.0, "cash": 21.0},
    {"date": "1996-08", "stocks": 71.0, "bonds": 12.0, "cash": 17.0},
    {"date": "1996-09", "stocks": 67.0, "bonds": 14.0, "cash": 19.0},
    {"date": "1996-10", "stocks": 68.0, "bonds": 14.0, "cash": 18.0},
    {"date": "1996-11", "stocks": 69.0, "bonds": 13.0, "cash": 18.0},
    {"date": "1996-12", "stocks": 66.0, "bonds": 13.0, "cash": 21.0},
    {"date": "1997-01", "stocks": 68.0, "bonds": 13.0, "cash": 19.0},
    {"date": "1997-02", "stocks": 70.0, "bonds": 12.0, "cash": 18.0},
    {"date": "1997-03", "stocks": 65.0, "bonds": 15.0, "cash": 20.0},
    {"date": "1997-04", "stocks": 67.0, "bonds": 14.0, "cash": 19.0},
    {"date": "1997-05", "stocks": 67.0, "bonds": 15.0, "cash": 18.0},
    {"date": "1997-06", "stocks": 70.0, "bonds": 15.0, "cash": 15.0},
    {"date": "1997-07", "stocks": 71.0, "bonds": 12.0, "cash": 17.0},
    {"date": "1997-08", "stocks": 72.0, "bonds": 11.0, "cash": 17.0},
    {"date": "1997-09", "stocks": 68.0, "bonds": 14.0, "cash": 18.0},
    {"date": "1997-10", "stocks": 71.0, "bonds": 14.0, "cash": 15.0},
    {"date": "1997-11", "stocks": 70.0, "bonds": 11.0, "cash": 19.0},
    {"date": "1997-12", "stocks": 69.0, "bonds": 13.0, "cash": 18.0},
    {"date": "1998-01", "stocks": 74.0, "bonds": 12.0, "cash": 14.0},
    {"date": "1998-02", "stocks": 75.0, "bonds": 10.0, "cash": 15.0},
    {"date": "1998-03", "stocks": 74.0, "bonds": 15.0, "cash": 11.0},
    {"date": "1998-04", "stocks": 74.0, "bonds": 12.0, "cash": 14.0},
    {"date": "1998-05", "stocks": 72.0, "bonds": 13.0, "cash": 15.0},
    {"date": "1998-06", "stocks": 73.0, "bonds": 11.0, "cash": 16.0},
    {"date": "1998-07", "stocks": 68.0, "bonds": 17.0, "cash": 15.0},
    {"date": "1998-08", "stocks": 70.0, "bonds": 14.0, "cash": 16.0},
    {"date": "1998-09", "stocks": 67.5, "bonds": 13.2, "cash": 19.3},
    {"date": "1998-10", "stocks": 71.0, "bonds": 12.0, "cash": 17.0},
    {"date": "1998-11", "stocks": 69.0, "bonds": 13.0, "cash": 18.0},
    {"date": "1998-12", "stocks": 71.0, "bonds": 13.0, "cash": 16.0},
    {"date": "1999-01", "stocks": 71.0, "bonds": 12.0, "cash": 17.0},
    {"date": "1999-02", "stocks": 72.0, "bonds": 13.0, "cash": 15.0},
    {"date": "1999-03", "stocks": 71.0, "bonds": 12.0, "cash": 17.0},
    {"date": "1999-04", "stocks": 72.0, "bonds": 11.0, "cash": 17.0},
    {"date": "1999-05", "stocks": 75.0, "bonds": 10.0, "cash": 15.0},
    {"date": "1999-06", "stocks": 73.0, "bonds": 11.0, "cash": 16.0},
    {"date": "1999-07", "stocks": 75.0, "bonds": 11.0, "cash": 14.0},
    {"date": "1999-08", "stocks": 68.0, "bonds": 15.0, "cash": 17.0},
    {"date": "1999-09", "stocks": 72.0, "bonds": 13.0, "cash": 15.0},
    {"date": "1999-10", "stocks": 70.0, "bonds": 12.0, "cash": 18.0},
    {"date": "1999-11", "stocks": 74.0, "bonds": 12.0, "cash": 14.0},
    {"date": "1999-12", "stocks": 76.0, "bonds": 12.0, "cash": 12.0},
    {"date": "2000-01", "stocks": 77.0, "bonds": 9.0, "cash": 14.0},
    {"date": "2000-02", "stocks": 73.0, "bonds": 8.0, "cash": 19.0},
    {"date": "2000-03", "stocks": 77.0, "bonds": 8.0, "cash": 15.0},
    {"date": "2000-04", "stocks": 75.0, "bonds": 8.0, "cash": 17.0},
    {"date": "2000-05", "stocks": 67.2, "bonds": 9.0, "cash": 23.7},
    {"date": "2000-06", "stocks": 71.9, "bonds": 9.2, "cash": 18.9},
    {"date": "2000-07", "stocks": 74.0, "bonds": 8.0, "cash": 18.0},
    {"date": "2000-08", "stocks": 71.0, "bonds": 7.1, "cash": 22.0},
    {"date": "2000-09", "stocks": 68.6, "bonds": 10.2, "cash": 21.3},
    {"date": "2000-10", "stocks": 70.8, "bonds": 9.0, "cash": 20.0},
    {"date": "2000-11", "stocks": 65.9, "bonds": 6.9, "cash": 27.2},
    {"date": "2000-12", "stocks": 62.0, "bonds": 10.0, "cash": 28.0},
    {"date": "2001-01", "stocks": 64.0, "bonds": 10.0, "cash": 26.0},
    {"date": "2001-02", "stocks": 66.5, "bonds": 9.5, "cash": 24.0},
    {"date": "2001-03", "stocks": 68.0, "bonds": 11.0, "cash": 21.0},
    {"date": "2001-04", "stocks": 61.1, "bonds": 12.3, "cash": 26.7},
    {"date": "2001-05", "stocks": 69.9, "bonds": 10.3, "cash": 19.8},
    {"date": "2001-06", "stocks": 70.0, "bonds": 9.9, "cash": 20.1},
    {"date": "2001-07", "stocks": 67.4, "bonds": 9.7, "cash": 22.9},
    {"date": "2001-08", "stocks": 65.8, "bonds": 13.0, "cash": 21.2},
    {"date": "2001-09", "stocks": 58.4, "bonds": 11.2, "cash": 30.4},
    {"date": "2001-10", "stocks": 63.4, "bonds": 12.8, "cash": 23.8},
    {"date": "2001-11", "stocks": 65.2, "bonds": 11.6, "cash": 23.2},
    {"date": "2001-12", "stocks": 66.0, "bonds": 12.2, "cash": 21.8},
    {"date": "2002-01", "stocks": 61.5, "bonds": 12.2, "cash": 26.3},
    {"date": "2002-02", "stocks": 61.6, "bonds": 12.8, "cash": 25.6},
    {"date": "2002-03", "stocks": 66.0, "bonds": 13.1, "cash": 20.9},
    {"date": "2002-04", "stocks": 62.0, "bonds": 14.1, "cash": 23.9},
    {"date": "2002-05", "stocks": 60.7, "bonds": 15.2, "cash": 24.1},
    {"date": "2002-06", "stocks": 55.8, "bonds": 17.7, "cash": 26.5},
    {"date": "2002-07", "stocks": 50.4, "bonds": 15.2, "cash": 34.4},
    {"date": "2002-08", "stocks": 53.3, "bonds": 17.9, "cash": 28.8},
    {"date": "2002-09", "stocks": 49.0, "bonds": 17.2, "cash": 33.9},
    {"date": "2002-10", "stocks": 42.8, "bonds": 18.6, "cash": 38.6},
    {"date": "2002-11", "stocks": 52.8, "bonds": 15.0, "cash": 32.3},
    {"date": "2002-12", "stocks": 48.2, "bonds": 15.0, "cash": 36.8},
    {"date": "2003-01", "stocks": 46.3, "bonds": 15.5, "cash": 38.3},
    {"date": "2003-02", "stocks": 45.8, "bonds": 17.2, "cash": 37.1},
    {"date": "2003-03", "stocks": 48.5, "bonds": 15.2, "cash": 36.3},
    {"date": "2003-04", "stocks": 53.2, "bonds": 14.1, "cash": 32.7},
    {"date": "2003-05", "stocks": 51.8, "bonds": 18.6, "cash": 29.6},
    {"date": "2003-06", "stocks": 64.0, "bonds": 13.3, "cash": 22.7},
    {"date": "2003-07", "stocks": 59.7, "bonds": 11.9, "cash": 28.5},
    {"date": "2003-08", "stocks": 61.4, "bonds": 11.2, "cash": 27.4},
    {"date": "2003-09", "stocks": 65.6, "bonds": 12.4, "cash": 21.9},
    {"date": "2003-10", "stocks": 64.1, "bonds": 14.2, "cash": 21.7},
    {"date": "2003-11", "stocks": 67.2, "bonds": 10.4, "cash": 22.4},
    {"date": "2003-12", "stocks": 66.6, "bonds": 12.9, "cash": 20.5},
    {"date": "2004-01", "stocks": 69.8, "bonds": 11.6, "cash": 18.6},
    {"date": "2004-02", "stocks": 69.4, "bonds": 9.0, "cash": 21.6},
    {"date": "2004-03", "stocks": 63.8, "bonds": 10.9, "cash": 25.3},
    {"date": "2004-04", "stocks": 69.5, "bonds": 9.1, "cash": 21.4},
    {"date": "2004-05", "stocks": 62.5, "bonds": 10.0, "cash": 27.5},
    {"date": "2004-06", "stocks": 66.0, "bonds": 12.1, "cash": 21.9},
    {"date": "2004-07", "stocks": 63.6, "bonds": 10.7, "cash": 25.7},
    {"date": "2004-08", "stocks": 56.4, "bonds": 13.4, "cash": 30.2},
    {"date": "2004-09", "stocks": 59.7, "bonds": 10.3, "cash": 30.0},
    {"date": "2004-10", "stocks": 65.2, "bonds": 11.5, "cash": 23.3},
    {"date": "2004-11", "stocks": 68.3, "bonds": 10.9, "cash": 20.9},
    {"date": "2004-12", "stocks": 69.2, "bonds": 12.0, "cash": 18.9},
    {"date": "2005-01", "stocks": 64.0, "bonds": 10.0, "cash": 26.0},
    {"date": "2005-02", "stocks": 67.0, "bonds": 11.2, "cash": 21.8},
    {"date": "2005-03", "stocks": 66.6, "bonds": 12.4, "cash": 21.1},
    {"date": "2005-04", "stocks": 61.5, "bonds": 11.2, "cash": 27.3},
    {"date": "2005-05", "stocks": 58.2, "bonds": 14.8, "cash": 27.0},
    {"date": "2005-06", "stocks": 67.0, "bonds": 13.1, "cash": 20.0},
    {"date": "2005-07", "stocks": 62.7, "bonds": 12.1, "cash": 25.2},
    {"date": "2005-08", "stocks": 61.6, "bonds": 14.7, "cash": 23.8},
    {"date": "2005-09", "stocks": 65.3, "bonds": 12.0, "cash": 22.7},
    {"date": "2005-10", "stocks": 52.5, "bonds": 14.7, "cash": 32.9},
    {"date": "2005-11", "stocks": 62.7, "bonds": 14.3, "cash": 23.0},
    {"date": "2005-12", "stocks": 67.6, "bonds": 10.5, "cash": 21.9},
    {"date": "2006-01", "stocks": 66.4, "bonds": 8.9, "cash": 24.7},
    {"date": "2006-02", "stocks": 65.5, "bonds": 12.3, "cash": 22.2},
    {"date": "2006-03", "stocks": 67.3, "bonds": 10.4, "cash": 22.4},
    {"date": "2006-04", "stocks": 70.3, "bonds": 10.7, "cash": 18.9},
    {"date": "2006-05", "stocks": 57.5, "bonds": 14.9, "cash": 27.7},
    {"date": "2006-06", "stocks": 60.1, "bonds": 10.8, "cash": 29.1},
    {"date": "2006-07", "stocks": 58.2, "bonds": 9.9, "cash": 31.9},
    {"date": "2006-08", "stocks": 56.8, "bonds": 10.8, "cash": 32.4},
    {"date": "2006-09", "stocks": 60.4, "bonds": 15.2, "cash": 24.5},
    {"date": "2006-10", "stocks": 64.0, "bonds": 11.1, "cash": 24.8},
    {"date": "2006-11", "stocks": 64.3, "bonds": 10.7, "cash": 25.0},
    {"date": "2006-12", "stocks": 66.6, "bonds": 11.0, "cash": 22.5},
    {"date": "2007-01", "stocks": 66.2, "bonds": 15.1, "cash": 18.7},
    {"date": "2007-02", "stocks": 68.7, "bonds": 12.0, "cash": 19.3},
    {"date": "2007-03", "stocks": 62.5, "bonds": 13.4, "cash": 24.2},
    {"date": "2007-04", "stocks": 68.5, "bonds": 12.3, "cash": 19.2},
    {"date": "2007-05", "stocks": 64.6, "bonds": 10.5, "cash": 25.0},
    {"date": "2007-06", "stocks": 68.6, "bonds": 9.9, "cash": 21.6},
    {"date": "2007-07", "stocks": 66.7, "bonds": 14.5, "cash": 18.9},
    {"date": "2007-08", "stocks": 57.8, "bonds": 11.5, "cash": 30.7},
    {"date": "2007-09", "stocks": 68.1, "bonds": 9.0, "cash": 22.9},
    {"date": "2007-10", "stocks": 63.8, "bonds": 9.8, "cash": 26.4},
    {"date": "2007-11", "stocks": 59.1, "bonds": 9.5, "cash": 31.5},
    {"date": "2007-12", "stocks": 64.1, "bonds": 9.5, "cash": 26.4},
    {"date": "2008-01", "stocks": 62.9, "bonds": 14.4, "cash": 22.7},
    {"date": "2008-02", "stocks": 59.0, "bonds": 12.4, "cash": 28.7},
    {"date": "2008-03", "stocks": 57.9, "bonds": 14.6, "cash": 27.5},
    {"date": "2008-04", "stocks": 60.6, "bonds": 15.3, "cash": 24.1},
    {"date": "2008-05", "stocks": 59.2, "bonds": 10.9, "cash": 29.9},
    {"date": "2008-06", "stocks": 60.3, "bonds": 12.6, "cash": 27.1},
    {"date": "2008-07", "stocks": 58.4, "bonds": 15.2, "cash": 26.5},
    {"date": "2008-08", "stocks": 53.3, "bonds": 14.6, "cash": 32.2},
    {"date": "2008-09", "stocks": 50.6, "bonds": 13.7, "cash": 35.7},
    {"date": "2008-10", "stocks": 44.5, "bonds": 19.1, "cash": 36.4},
    {"date": "2008-11", "stocks": 46.2, "bonds": 16.8, "cash": 37.0},
    {"date": "2008-12", "stocks": 42.4, "bonds": 15.9, "cash": 41.7},
    {"date": "2009-01", "stocks": 48.2, "bonds": 22.1, "cash": 29.7},
    {"date": "2009-02", "stocks": 43.8, "bonds": 21.5, "cash": 34.8},
    {"date": "2009-03", "stocks": 40.8, "bonds": 14.5, "cash": 44.8},
    {"date": "2009-04", "stocks": 50.3, "bonds": 16.5, "cash": 33.2},
    {"date": "2009-05", "stocks": 50.5, "bonds": 14.2, "cash": 35.3},
    {"date": "2009-06", "stocks": 57.1, "bonds": 16.0, "cash": 27.0},
    {"date": "2009-07", "stocks": 50.7, "bonds": 24.5, "cash": 24.8},
    {"date": "2009-08", "stocks": 54.1, "bonds": 17.2, "cash": 28.8},
    {"date": "2009-09", "stocks": 55.1, "bonds": 19.5, "cash": 25.4},
    {"date": "2009-10", "stocks": 57.5, "bonds": 23.6, "cash": 18.9},
    {"date": "2009-11", "stocks": 54.7, "bonds": 18.3, "cash": 27.1},
    {"date": "2009-12", "stocks": 63.8, "bonds": 18.2, "cash": 18.1},
    {"date": "2010-01", "stocks": 57.2, "bonds": 24.3, "cash": 18.5},
    {"date": "2010-02", "stocks": 58.4, "bonds": 17.6, "cash": 23.9},
    {"date": "2010-03", "stocks": 59.1, "bonds": 22.4, "cash": 18.5},
    {"date": "2010-04", "stocks": 60.5, "bonds": 20.3, "cash": 19.2},
    {"date": "2010-05", "stocks": 50.9, "bonds": 25.5, "cash": 23.6},
    {"date": "2010-06", "stocks": 52.9, "bonds": 21.6, "cash": 25.5},
    {"date": "2010-07", "stocks": 51.7, "bonds": 24.0, "cash": 24.3},
    {"date": "2010-08", "stocks": 54.7, "bonds": 21.2, "cash": 24.1},
    {"date": "2010-09", "stocks": 55.2, "bonds": 24.5, "cash": 20.3},
    {"date": "2010-10", "stocks": 60.2, "bonds": 22.1, "cash": 17.7},
    {"date": "2011-01", "stocks": 63.5, "bonds": 19.0, "cash": 17.5},
    {"date": "2011-02", "stocks": 63.3, "bonds": 17.5, "cash": 19.2},
    {"date": "2011-03", "stocks": 61.4, "bonds": 20.6, "cash": 18.0},
    {"date": "2011-04", "stocks": 62.9, "bonds": 18.6, "cash": 18.5},
    {"date": "2011-05", "stocks": 61.0, "bonds": 21.1, "cash": 17.9},
    {"date": "2011-06", "stocks": 59.5, "bonds": 19.0, "cash": 21.5},
    {"date": "2011-07", "stocks": 62.4, "bonds": 18.3, "cash": 19.3},
    {"date": "2011-08", "stocks": 55.3, "bonds": 21.6, "cash": 23.1},
    {"date": "2012-01", "stocks": 60.9, "bonds": 20.9, "cash": 18.2},
    {"date": "2013-01", "stocks": 61.4, "bonds": 20.2, "cash": 18.4},
    {"date": "2013-02", "stocks": 62.5, "bonds": 19.2, "cash": 18.2},
    {"date": "2013-03", "stocks": 59.5, "bonds": 17.7, "cash": 22.8},
    {"date": "2013-04", "stocks": 61.7, "bonds": 19.7, "cash": 18.5},
    {"date": "2013-05", "stocks": 65.2, "bonds": 18.1, "cash": 16.7},
    {"date": "2013-06", "stocks": 62.1, "bonds": 17.2, "cash": 20.7},
    {"date": "2013-07", "stocks": 65.2, "bonds": 17.1, "cash": 17.8},
    {"date": "2013-08", "stocks": 62.3, "bonds": 17.2, "cash": 20.5},
    {"date": "2013-09", "stocks": 64.5, "bonds": 16.0, "cash": 19.6},
    {"date": "2013-10", "stocks": 66.3, "bonds": 16.9, "cash": 16.9},
    {"date": "2013-11", "stocks": 64.2, "bonds": 17.3, "cash": 18.5},
    {"date": "2013-12", "stocks": 68.3, "bonds": 15.2, "cash": 16.5},
    {"date": "2014-01", "stocks": 65.6, "bonds": 17.0, "cash": 17.4},
    {"date": "2014-02", "stocks": 66.9, "bonds": 16.2, "cash": 16.9},
    {"date": "2014-03", "stocks": 67.2, "bonds": 15.7, "cash": 17.1},
    {"date": "2014-04", "stocks": 67.0, "bonds": 15.6, "cash": 17.4},
    {"date": "2014-05", "stocks": 65.3, "bonds": 15.5, "cash": 19.2},
    {"date": "2014-06", "stocks": 67.0, "bonds": 16.0, "cash": 17.1},
    {"date": "2014-07", "stocks": 67.5, "bonds": 16.7, "cash": 15.8},
    {"date": "2014-08", "stocks": 67.3, "bonds": 16.6, "cash": 16.0},
    {"date": "2014-09", "stocks": 66.7, "bonds": 16.8, "cash": 16.5},
    {"date": "2014-10", "stocks": 64.1, "bonds": 17.2, "cash": 18.7},
    {"date": "2014-11", "stocks": 67.2, "bonds": 16.0, "cash": 16.8},
    {"date": "2014-12", "stocks": 68.5, "bonds": 16.8, "cash": 14.8},
    {"date": "2015-01", "stocks": 67.2, "bonds": 17.5, "cash": 15.3},
    {"date": "2015-02", "stocks": 68.3, "bonds": 16.4, "cash": 15.3},
    {"date": "2015-03", "stocks": 68.6, "bonds": 16.5, "cash": 14.9},
    {"date": "2015-04", "stocks": 67.9, "bonds": 16.2, "cash": 15.9},
    {"date": "2015-05", "stocks": 67.7, "bonds": 15.5, "cash": 16.9},
    {"date": "2015-06", "stocks": 67.2, "bonds": 15.5, "cash": 17.3},
    {"date": "2015-07", "stocks": 67.4, "bonds": 15.5, "cash": 17.2},
    {"date": "2015-08", "stocks": 65.0, "bonds": 16.3, "cash": 18.7},
    {"date": "2015-09", "stocks": 63.6, "bonds": 16.5, "cash": 20.0},
    {"date": "2015-10", "stocks": 64.7, "bonds": 16.6, "cash": 18.7},
    {"date": "2015-11", "stocks": 65.5, "bonds": 16.7, "cash": 17.8},
    {"date": "2015-12", "stocks": 65.3, "bonds": 17.1, "cash": 17.7},
    {"date": "2016-01", "stocks": 62.5, "bonds": 17.3, "cash": 20.2},
    {"date": "2016-02", "stocks": 61.5, "bonds": 17.2, "cash": 21.3},
    {"date": "2016-03", "stocks": 64.0, "bonds": 17.5, "cash": 18.5},
    {"date": "2016-04", "stocks": 64.8, "bonds": 17.6, "cash": 17.6},
    {"date": "2016-05", "stocks": 62.9, "bonds": 17.8, "cash": 19.3},
    {"date": "2016-06", "stocks": 64.1, "bonds": 17.4, "cash": 18.5},
    {"date": "2016-07", "stocks": 64.1, "bonds": 18.0, "cash": 17.9},
    {"date": "2016-08", "stocks": 66.6, "bonds": 17.4, "cash": 16.0},
    {"date": "2016-09", "stocks": 65.4, "bonds": 16.3, "cash": 18.3},
    {"date": "2016-10", "stocks": 64.7, "bonds": 16.6, "cash": 18.7},
    {"date": "2016-11", "stocks": 66.4, "bonds": 16.4, "cash": 17.2},
    {"date": "2016-12", "stocks": 66.3, "bonds": 15.8, "cash": 17.9},
    {"date": "2017-01", "stocks": 66.0, "bonds": 16.4, "cash": 17.7},
    {"date": "2017-02", "stocks": 65.5, "bonds": 17.3, "cash": 17.2},
    {"date": "2017-03", "stocks": 67.6, "bonds": 17.0, "cash": 15.5},
    {"date": "2017-04", "stocks": 65.3, "bonds": 18.0, "cash": 16.8},
    {"date": "2017-05", "stocks": 67.4, "bonds": 15.5, "cash": 17.2},
    {"date": "2017-06", "stocks": 68.8, "bonds": 15.0, "cash": 16.3},
    {"date": "2017-07", "stocks": 67.9, "bonds": 17.7, "cash": 14.5},
    {"date": "2017-08", "stocks": 66.8, "bonds": 17.3, "cash": 16.0},
    {"date": "2017-09", "stocks": 68.7, "bonds": 15.1, "cash": 16.1},
    {"date": "2017-10", "stocks": 68.0, "bonds": 16.9, "cash": 15.1},
    {"date": "2017-11", "stocks": 68.6, "bonds": 17.6, "cash": 13.9},
    {"date": "2017-12", "stocks": 72.0, "bonds": 15.0, "cash": 13.0},
    {"date": "2018-01", "stocks": 71.2, "bonds": 15.5, "cash": 13.3},
    {"date": "2018-02", "stocks": 70.1, "bonds": 15.0, "cash": 15.0},
    {"date": "2018-03", "stocks": 69.7, "bonds": 15.6, "cash": 14.7},
    {"date": "2018-04", "stocks": 67.5, "bonds": 15.9, "cash": 16.6},
    {"date": "2018-05", "stocks": 70.0, "bonds": 14.1, "cash": 15.9},
    {"date": "2018-06", "stocks": 68.6, "bonds": 15.7, "cash": 15.7},
    {"date": "2018-07", "stocks": 68.3, "bonds": 15.9, "cash": 15.9},
    {"date": "2018-08", "stocks": 68.5, "bonds": 14.4, "cash": 17.1},
    {"date": "2018-09", "stocks": 69.9, "bonds": 14.2, "cash": 16.0},
    {"date": "2018-10", "stocks": 69.5, "bonds": 13.3, "cash": 17.2},
    {"date": "2018-11", "stocks": 64.6, "bonds": 15.8, "cash": 19.6},
    {"date": "2018-12", "stocks": 62.4, "bonds": 15.8, "cash": 21.8},
    {"date": "2019-01", "stocks": 63.2, "bonds": 16.5, "cash": 20.3},
    {"date": "2019-02", "stocks": 67.3, "bonds": 15.8, "cash": 16.9},
    {"date": "2019-03", "stocks": 65.4, "bonds": 17.4, "cash": 17.3},
    {"date": "2019-04", "stocks": 67.8, "bonds": 17.1, "cash": 15.1},
    {"date": "2019-05", "stocks": 65.8, "bonds": 18.9, "cash": 15.3},
    {"date": "2019-06", "stocks": 64.4, "bonds": 18.4, "cash": 17.2},
    {"date": "2019-07", "stocks": 66.5, "bonds": 18.4, "cash": 15.1},
    {"date": "2019-08", "stocks": 64.3, "bonds": 19.4, "cash": 16.3},
    {"date": "2019-09", "stocks": 66.5, "bonds": 18.9, "cash": 14.6},
    {"date": "2019-10", "stocks": 64.7, "bonds": 18.3, "cash": 17.0},
    {"date": "2019-11", "stocks": 67.0, "bonds": 18.7, "cash": 14.3},
    {"date": "2019-12", "stocks": 65.8, "bonds": 18.6, "cash": 15.7},
    {"date": "2020-01", "stocks": 67.5, "bonds": 18.7, "cash": 13.8},
    {"date": "2020-02", "stocks": 66.1, "bonds": 19.1, "cash": 14.8},
    {"date": "2020-03", "stocks": 55.2, "bonds": 18.7, "cash": 26.1},
    {"date": "2020-04", "stocks": 57.5, "bonds": 19.5, "cash": 23.0},
    {"date": "2020-05", "stocks": 60.8, "bonds": 19.2, "cash": 20.0},
    {"date": "2020-06", "stocks": 63.2, "bonds": 18.3, "cash": 18.4},
    {"date": "2020-07", "stocks": 62.2, "bonds": 17.9, "cash": 19.9},
    {"date": "2020-08", "stocks": 64.8, "bonds": 18.9, "cash": 16.3},
    {"date": "2020-09", "stocks": 63.6, "bonds": 17.9, "cash": 18.5},
    {"date": "2020-10", "stocks": 65.8, "bonds": 16.8, "cash": 17.5},
    {"date": "2020-11", "stocks": 63.2, "bonds": 18.3, "cash": 18.4},
    {"date": "2020-12", "stocks": 67.6, "bonds": 17.0, "cash": 15.4},
    {"date": "2021-01", "stocks": 67.4, "bonds": 17.0, "cash": 15.6},
    {"date": "2021-02", "stocks": 67.7, "bonds": 16.0, "cash": 16.3},
    {"date": "2021-03", "stocks": 70.0, "bonds": 15.3, "cash": 14.7},
    {"date": "2021-04", "stocks": 70.3, "bonds": 15.1, "cash": 14.7},
    {"date": "2021-05", "stocks": 70.5, "bonds": 14.4, "cash": 15.1},
    {"date": "2021-06", "stocks": 71.2, "bonds": 14.7, "cash": 14.1},
    {"date": "2021-07", "stocks": 71.1, "bonds": 15.0, "cash": 13.9},
    {"date": "2021-08", "stocks": 71.2, "bonds": 15.2, "cash": 13.7},
    {"date": "2021-09", "stocks": 70.2, "bonds": 15.5, "cash": 14.3},
    {"date": "2021-10", "stocks": 70.2, "bonds": 15.1, "cash": 14.7},
    {"date": "2021-11", "stocks": 71.4, "bonds": 14.4, "cash": 14.2},
    {"date": "2021-12", "stocks": 70.5, "bonds": 14.4, "cash": 15.1},
    {"date": "2022-01", "stocks": 69.6, "bonds": 14.3, "cash": 16.1},
    {"date": "2022-02", "stocks": 68.5, "bonds": 14.7, "cash": 16.7},
    {"date": "2022-03", "stocks": 68.4, "bonds": 14.2, "cash": 17.4},
    {"date": "2022-04", "stocks": 69.8, "bonds": 12.6, "cash": 17.6},
    {"date": "2022-05", "stocks": 67.1, "bonds": 13.8, "cash": 19.1},
    {"date": "2022-06", "stocks": 64.6, "bonds": 14.1, "cash": 21.2},
    {"date": "2022-07", "stocks": 64.0, "bonds": 13.7, "cash": 22.3},
    {"date": "2022-08", "stocks": 64.5, "bonds": 14.4, "cash": 21.2},
    {"date": "2022-09", "stocks": 63.4, "bonds": 14.7, "cash": 21.9},
    {"date": "2022-10", "stocks": 61.6, "bonds": 13.7, "cash": 24.7},
    {"date": "2022-11", "stocks": 62.4, "bonds": 13.6, "cash": 24.0},
    {"date": "2022-12", "stocks": 63.9, "bonds": 14.3, "cash": 21.8},
    {"date": "2023-01", "stocks": 65.3, "bonds": 14.6, "cash": 20.1},
    {"date": "2023-02", "stocks": 65.7, "bonds": 14.9, "cash": 19.4},
    {"date": "2023-03", "stocks": 64.7, "bonds": 15.1, "cash": 20.1},
    {"date": "2023-04", "stocks": 64.3, "bonds": 15.7, "cash": 19.9},
    {"date": "2023-05", "stocks": 65.2, "bonds": 14.8, "cash": 20.0},
    {"date": "2024-02", "stocks": 67.8, "bonds": 15.4, "cash": 16.8},
    {"date": "2024-03", "stocks": 69.3, "bonds": 14.0, "cash": 16.7}
  ]
}
